Triangle: (0.5771231815, 0.5743541165, 0.5805567864) - (0.5771231801, 0.574354124, 0.5805567805) - (0.5771231813, 0.5743541163, 0.5805567868)
Triangle: (0.5771231768, 0.5743541197, 0.5805567878) - (0.5771231801, 0.574354124, 0.5805567805) - (0.5771231765, 0.5743541201, 0.5805567877)
Triangle: (0.5771231801, 0.574354124, 0.5805567805) - (0.5771231751, 0.5743541225, 0.5805567867) - (0.5771231757, 0.5743541213, 0.5805567873)
Triangle: (0.5771231801, 0.574354124, 0.5805567805) - (0.5771231772, 0.5743541192, 0.5805567879) - (0.5771231778, 0.5743541185, 0.580556788)
Triangle: (0.5771231749, 0.5743541232, 0.5805567863) - (0.5771231801, 0.574354124, 0.5805567805) - (0.5771231723, 0.5743541347, 0.5805567775)
Triangle: (0.5771231801, 0.574354124, 0.5805567805) - (0.5771231798, 0.5743541247, 0.5805567801) - (0.5771231784, 0.5743541275, 0.5805567787)
Triangle: (0.5771231765, 0.5743541201, 0.5805567877) - (0.5771231801, 0.574354124, 0.5805567805) - (0.5771231757, 0.5743541213, 0.5805567873)
Triangle: (0.5771231801, 0.574354124, 0.5805567805) - (0.5771231797, 0.5743541167, 0.5805567879) - (0.57712318, 0.5743541165, 0.5805567878)
Triangle: (0.577123178, 0.5743541282, 0.5805567784) - (0.5771231801, 0.574354124, 0.5805567805) - (0.5771231784, 0.5743541275, 0.5805567787)
Triangle: (0.5771231801, 0.574354124, 0.5805567805) - (0.5771231749, 0.5743541232, 0.5805567863) - (0.577123175, 0.5743541228, 0.5805567866)
Triangle: (0.5771231751, 0.5743541225, 0.5805567867) - (0.5771231801, 0.574354124, 0.5805567805) - (0.577123175, 0.5743541228, 0.5805567866)
Triangle: (0.5771231801, 0.574354124, 0.5805567805) - (0.5771231817, 0.5743541173, 0.5805567854) - (0.5771231817, 0.5743541181, 0.5805567847)
Triangle: (0.5771231804, 0.5743541163, 0.5805567876) - (0.5771231801, 0.574354124, 0.5805567805) - (0.57712318, 0.5743541165, 0.5805567878)
Triangle: (0.5771231801, 0.574354124, 0.5805567805) - (0.5771231811, 0.5743541162, 0.580556787) - (0.5771231813, 0.5743541163, 0.5805567868)
Triangle: (0.5771231792, 0.5743541171, 0.580556788) - (0.5771231801, 0.574354124, 0.5805567805) - (0.5771231778, 0.5743541185, 0.580556788)
Triangle: (0.5771231733, 0.574354134, 0.5805567773) - (0.5771231801, 0.574354124, 0.5805567805) - (0.5771231752, 0.5743541321, 0.5805567773)
Triangle: (0.5771231801, 0.574354124, 0.5805567805) - (0.5771231724, 0.5743541347, 0.5805567775) - (0.5771231723, 0.5743541347, 0.5805567775)
Triangle: (0.5771231816, 0.574354119, 0.5805567839) - (0.5771231801, 0.574354124, 0.5805567805) - (0.5771231817, 0.5743541181, 0.5805567847)
Triangle: (0.5771231801, 0.574354124, 0.5805567805) - (0.577123181, 0.5743541215, 0.580556782) - (0.5771231806, 0.5743541227, 0.5805567812)
Triangle: (0.5771231817, 0.5743541173, 0.5805567854) - (0.5771231801, 0.574354124, 0.5805567805) - (0.5771231816, 0.5743541168, 0.580556786)
Triangle: (0.5771231801, 0.574354124, 0.5805567805) - (0.5771231815, 0.5743541165, 0.5805567864) - (0.5771231816, 0.5743541168, 0.580556786)
Triangle: (0.5771231801, 0.574354124, 0.5805567805) - (0.5771231804, 0.5743541163, 0.5805567876) - (0.5771231807, 0.5743541162, 0.5805567874)
Triangle: (0.5771231811, 0.5743541162, 0.580556787) - (0.5771231801, 0.574354124, 0.5805567805) - (0.5771231807, 0.5743541162, 0.5805567874)
Triangle: (0.5771231803, 0.5743541235, 0.5805567808) - (0.5771231801, 0.574354124, 0.5805567805) - (0.5771231806, 0.5743541227, 0.5805567812)
Triangle: (0.5771231797, 0.5743541167, 0.5805567879) - (0.5771231801, 0.574354124, 0.5805567805) - (0.5771231792, 0.5743541171, 0.580556788)
Triangle: (0.5771231727, 0.5743541345, 0.5805567774) - (0.5771231801, 0.574354124, 0.5805567805) - (0.5771231733, 0.574354134, 0.5805567773)
Triangle: (0.5771231801, 0.574354124, 0.5805567805) - (0.5771231775, 0.574354129, 0.5805567781) - (0.5771231767, 0.5743541302, 0.5805567777)
Triangle: (0.5771231761, 0.574354131, 0.5805567775) - (0.5771231801, 0.574354124, 0.5805567805) - (0.5771231767, 0.5743541302, 0.5805567777)
Triangle: (0.5771231801, 0.574354124, 0.5805567805) - (0.5771231816, 0.574354119, 0.5805567839) - (0.5771231814, 0.57435412, 0.5805567831)
Triangle: (0.5771231801, 0.574354124, 0.5805567805) - (0.5771231757, 0.5743541315, 0.5805567774) - (0.5771231752, 0.5743541321, 0.5805567773)
Triangle: (0.5771231812, 0.5743541208, 0.5805567825) - (0.5771231801, 0.574354124, 0.5805567805) - (0.5771231814, 0.57435412, 0.5805567831)
Triangle: (0.5771231801, 0.574354124, 0.5805567805) - (0.5771231768, 0.5743541197, 0.5805567878) - (0.5771231772, 0.5743541192, 0.5805567879)
Triangle: (0.5771231724, 0.5743541347, 0.5805567775) - (0.5771231801, 0.574354124, 0.5805567805) - (0.5771231727, 0.5743541345, 0.5805567774)
Triangle: (0.5771231801, 0.574354124, 0.5805567805) - (0.577123178, 0.5743541282, 0.5805567784) - (0.5771231775, 0.574354129, 0.5805567781)
Triangle: (0.5771231757, 0.5743541315, 0.5805567774) - (0.5771231801, 0.574354124, 0.5805567805) - (0.5771231761, 0.574354131, 0.5805567775)
Triangle: (0.5771231801, 0.574354124, 0.5805567805) - (0.5771231812, 0.5743541208, 0.5805567825) - (0.577123181, 0.5743541215, 0.580556782)
