    0.9765721087
    0.0000000000
    0.0000000000
    0.5467198506
    0.6459534890
    0.7752972863
    2.2093013109
    0.0000000000
    0.8660989946
    0.9362003566
    0.0000000000
    0.0000000000
    0.0000000000
    0.0000000000
    1.3720914604
    0.0000000000
    1.1551434783
    0.8658519749
    0.0000000000
    1.4196071840
    0.0000000000
    1.4761785723
    1.5598379274
    2.0594468621
    1.3463093654
    0.8763837371
    0.8303404896
    0.0000000000
    0.0000000000
    0.0000000000
    0.0000000000
    0.0000000000
    1.1595559218
    1.3299103469
    1.0189247942
    1.0586556484
    0.0000000000
    1.8799066885
    0.4378809206
    1.0489407520
    0.8330390055
    0.0000000000
    0.0000000000
    0.6371701517
    1.1891249126
    1.2389783908
    0.0000000000
    0.0000000000
    0.0000000000
    0.0000000000
    0.0000000000
    0.0000000000
    0.0000000000
    0.0000000000
    0.0000000000
    0.0000000000
    1.4027778277
    0.7466628559
    0.9835615286
    0.0000000000
    0.3459762867
    0.3403385456
    0.9244275267
    0.7532011411
    0.8576179468
    1.1973965094
    0.0000000000
    0.8813924138
    1.0170223542
    0.8993902336
    0.7932499677
    0.9212371019
    1.0346054330
    1.0162784844
    1.0935541668
    1.2968294106
    1.0676260843
    1.1234283782
    1.2332082947
    1.2570396695
    1.1297569574
    1.5683160931
    1.3053221700
    1.1334277073
    0.9715570170
    0.9317563394
    1.1870940032
    1.0382386681
    1.2748645914
    1.2781870290
    1.6279394152
    0.0000000000
    0.8074474682
    0.9930850618
    0.9181914985
    1.0190826315
    0.6254023432
    0.4764922843
    0.4692075351
    0.0000000000
    0.6180969789
    0.7897593503
    0.4955765985
    0.5632308567
    0.6215970819
    0.7465059457
    0.7360716965
    0.8086199914
    0.7859707140
    0.8383573294
    0.6152377114
    0.4704605951
    0.7447821405
    0.5813694959
    0.6327467507
    1.1140153166
    1.1750045268
    1.4843993141
    1.0049091513
    1.0006377418
    1.2425733051
    0.8904695786
    1.7417534071
    0.0000000000
    1.0906538602
    1.1340572055
    1.3622106857
    1.8472875926
    0.0000000000
    1.0962349767
    0.8994693695
    0.0000000000
    0.9096031239
    1.1100636012
    2.0249132206
    0.0000000000
    1.0304034823
    0.0000000000
    0.7110716948
    0.0000000000
    0.0000000000
    0.7107113439
    0.6026401082
    0.0000000000
    0.0000000000
    0.7877648317
    0.8856430495
    0.6644660513
    0.7281528783
    0.7094935566
    0.6767815082
    0.8379584297
    0.4549732232
    0.8928265831
    0.8224541332
    0.5291335447
    1.0096935970
    0.6920033081
    1.5741830759
    0.7379085952
    1.8749734338
    0.9653361291
