    0.1506304386     0.9622840533     0.0708022269
    0.0000000000     0.0000000000     0.0000000000
    0.0000000000     0.0000000000     0.0000000000
    0.4926470335     0.2322929135     0.0473444576
    0.5850354402     0.1952634664     0.1919938079
    0.7414869618     0.2249137401     0.0263965365
    1.9910105251     0.6051420018     0.7420866050
    0.0000000000     0.0000000000     0.0000000000
    0.1539363403     0.8141568738     0.2521500671
   -0.1577464483     0.7417249738     0.5490275303
    0.0000000000     0.0000000000     0.0000000000
    0.0000000000     0.0000000000     0.0000000000
    0.0000000000     0.0000000000     0.0000000000
    0.0000000000     0.0000000000     0.0000000000
    0.8977242094     0.4397307896     0.9398739556
    0.0000000000     0.0000000000     0.0000000000
    0.8064647156     0.1163059894     0.8188064697
    0.2567714781     0.7966009897     0.2217992643
    0.0000000000     0.0000000000     0.0000000000
    0.7924356933     0.7405389947     0.9159324353
    0.0000000000     0.0000000000     0.0000000000
    0.8250269431     0.9292153738     0.7968641726
    1.1018665656     0.6045158445     0.9238750052
    0.6199675083     0.9630437305     1.7115806844
    0.8958582543     0.7143948869     0.7068428688
    0.7886724762     0.1954627169     0.3283877378
    0.7535545238     0.3014005693     0.1754383230
    0.0000000000     0.0000000000     0.0000000000
    0.0000000000     0.0000000000     0.0000000000
    0.0000000000     0.0000000000     0.0000000000
    0.0000000000     0.0000000000     0.0000000000
    0.0000000000     0.0000000000     0.0000000000
    0.2806787727     0.9221935810     0.6444752605
    0.2315205613     1.0772227249     0.7447489251
    0.1569326182     0.8388077121     0.5567598331
    0.2453971308     0.9419279063     0.4162977894
    0.0000000000     0.0000000000     0.0000000000
    0.6884576087     0.4694491476     1.6851388003
    0.3773736901    -0.0662349275     0.2119946533
    0.9074579544     0.0881341804     0.5186801793
    0.7021571059     0.4299869003     0.1266516830
    0.0000000000     0.0000000000     0.0000000000
    0.0000000000     0.0000000000     0.0000000000
    0.0926638059     0.6126529916     0.1485110543
    0.8357260495     0.2827037957     0.7972820027
    0.7177857595     0.2951526016     0.9657825833
    0.0000000000     0.0000000000     0.0000000000
    0.0000000000     0.0000000000     0.0000000000
    0.0000000000     0.0000000000     0.0000000000
    0.0000000000     0.0000000000     0.0000000000
    0.0000000000     0.0000000000     0.0000000000
    0.0000000000     0.0000000000     0.0000000000
    0.0000000000     0.0000000000     0.0000000000
    0.0000000000     0.0000000000     0.0000000000
    0.0000000000     0.0000000000     0.0000000000
    0.0000000000     0.0000000000     0.0000000000
    0.4307391854     1.1967164235     0.5917087035
    0.5807545281     0.0524337578     0.4663478311
    0.1721846193     0.6925854154     0.6768095595
    0.0000000000     0.0000000000     0.0000000000
    0.0647353751     0.2771879381     0.1966615599
    0.2541216593     0.2013463438     0.1034995542
    0.2619661094     0.7834824404     0.4148436755
    0.3830541892     0.6423608613     0.0891850372
    0.1598783555     0.7587997108     0.3662928516
    0.2652205162     0.4391950202     1.0819076729
    0.0000000000     0.0000000000     0.0000000000
    0.6459594290     0.3945014826     0.4516166333
    0.6992298551     0.3744951354     0.6365260970
    0.7009264857     0.4493391418     0.3401458358
    0.6639607440     0.2543269548     0.3517377457
    0.7226618151     0.1797736886     0.5423275023
    0.8290653699     0.2949805204     0.5441006404
    0.8960041824     0.2959388906     0.3773839371
    0.7899283690     0.5868406851     0.4769611072
    1.1066819639     0.5214919310     0.4301949756
    0.5073776381     0.5900187029     0.7309386557
    0.3925611516     0.6737512318     0.8087313156
    0.5462422174     0.8524874933     0.7040505749
    0.6867866613     0.7384143011     0.7504779361
    0.6946114890     0.5868416978     0.6704345485
    0.5591701449     0.6091583233     1.3326178199
    0.7937136974     0.6139401972     0.8348424812
    0.6198651564     0.4428317217     0.8392410987
    0.5617681704     0.5809732009     0.5392677440
    0.2946923511     0.6628901718     0.5847246483
    0.7935444597     0.4951247014     0.7309794067
    0.3673224957     0.7657780000     0.5971580785
    0.4084561599     0.5478096634     1.0762657035
    0.9971372563     0.7644437355     0.2347448584
    1.5030577891     0.6095625692     0.1394184221
    0.0000000000     0.0000000000     0.0000000000
    0.5499663363     0.2680055722     0.5269548901
    0.7412138566     0.0021746708     0.6609199873
    0.5060554732     0.4182672674     0.6419002873
    0.7146198671    -0.0008807605     0.7265308525
    0.4890126884     0.2298508538     0.3149019951
   -0.0449920723     0.4156636783     0.2285701576
    0.0969173437     0.4140114736     0.1983865902
    0.0000000000     0.0000000000     0.0000000000
    0.2313095560     0.4074614972     0.4031313593
   -0.3520852880     0.4856146312     0.5137452786
   -0.1056511753     0.3520765964     0.3323793983
    0.1703206370     0.4434451039     0.3026157934
    0.0717876078     0.5343947660     0.3092760993
    0.2336397562     0.4661140342     0.5342483490
    0.1747535196     0.6178071571     0.3599681463
    0.1638699357     0.6219928374     0.4900386157
    0.3137694218     0.5912475010     0.4119770696
   -0.0343094351     0.5542442053     0.6280758197
    0.2390669186     0.5141127571     0.2388566994
    0.2438437254     0.3402068390     0.2147852783
    0.4513154043     0.4912864488     0.3311381403
    0.3438449939     0.4170857287     0.2140107611
    0.4550274535     0.3377487063     0.2815036028
    0.6698448008     0.8292190581     0.3236260528
    0.8437458587     0.7865528484     0.2237480297
    0.7159280863     1.2695050834     0.2815051373
    0.7271699548     0.6921409060     0.0448020687
    0.7797629012     0.5853774712     0.2248975867
    0.8520641273     0.8064005665     0.4095036849
    0.5599960878     0.6599079956     0.2094323027
    0.4653637660     1.1214833733    -1.2487660069
    0.0000000000     0.0000000000     0.0000000000
    0.6920932858     0.7282136014     0.4245440817
    0.8515535334     0.6780597310     0.3180838352
    0.9442771375     0.7995095831     0.5698623222
    0.5991258299     1.6183769610     0.6590718488
    0.0000000000     0.0000000000     0.0000000000
    0.5018093185     0.8816148013     0.4155404602
    0.3831266242     0.7658456633     0.2752082058
    0.0000000000     0.0000000000     0.0000000000
    0.5058727963     0.6341557564     0.4114815105
    0.5802976520     0.7479468637     0.5797165885
    0.5324145512    -1.8516427259     0.6230790579
    0.0000000000     0.0000000000     0.0000000000
    0.6050914477     0.1952590734     0.8108449732
    0.0000000000     0.0000000000     0.0000000000
    0.1268638878    -0.0244929736     0.6992342979
    0.0000000000     0.0000000000     0.0000000000
    0.0000000000     0.0000000000     0.0000000000
    0.0925191880     0.1141323984     0.6953593386
    0.1845003517     0.0590834116     0.5706521451
    0.0000000000     0.0000000000     0.0000000000
    0.0000000000     0.0000000000     0.0000000000
    0.3250824497     0.2492467433     0.6728825245
    0.2050489492     0.2925020032     0.8104079946
    0.1485903585     0.3015878747     0.5731324389
    0.2382922569     0.3440696304     0.5958519145
    0.2109034764     0.1650590431     0.6570055881
    0.3542179855     0.3378643739     0.4673440846
    0.3884455713     0.4436833936     0.5953397470
    0.1150033528     0.2293136418     0.3757527331
    0.2678221320     0.4855322937     0.6997635350
    0.4708926653     0.2689138467     0.6183657833
    0.3215491809     0.1141917829     0.4044115096
    0.3721069643     0.4312379183     0.8336974420
    0.4035001769     0.1238419986     0.5483788336
    0.4600450376     0.2785089589     1.4794741227
    0.3776026178     0.0228042470     0.6335655643
    0.2645252045    -1.7312913589     0.6694639828
    0.4202831222     0.0544353225     0.8673365754
